%YAML:1.0
calibration_time: "04/08/13 12:02:24"
image_count: 10
image_width: 640
image_height: 480
board_width: 9
board_height: 6
square_size: 1.
flags: 0
camera_matrix: !!opencv-matrix
   rows: 3
   cols: 3
   dt: d
   data: [ 5.9905854468701330e+002, 0., 3.2676272818160669e+002, 0.,
       6.4848084390452368e+002, 2.2471516741429571e+002, 0., 0., 1. ]
distortion_coefficients: !!opencv-matrix
   rows: 1
   cols: 4
   dt: d
   data: [ -2.3409340024567512e-002, -3.0192215657945271e-001,
       6.2435951423932034e-003, 1.9254413516318844e-003 ]
avg_reprojection_error: 4.7501708843089918e-001
per_view_reprojection_errors: !!opencv-matrix
   rows: 1
   cols: 10
   dt: d
   data: [ 8.7512984099211522e-001, 3.2554873713740595e-001,
       4.8297825566044561e-001, 3.1865437825520831e-001,
       6.7197517112449368e-001, 3.6438186080367480e-001,
       4.7875552707248265e-001, 4.7631525110315392e-001,
       3.3416945845992480e-001, 4.2226240370008683e-001 ]
