<?xml version="1.0"?>
<opencv_storage>
<instrinsic type_id="opencv-matrix">
  <rows>3</rows>
  <cols>3</cols>
  <dt>f</dt>
  <data>
    2.87371582e+004 0. 3.26292877e+002 0. 2.87851445e+004
    2.37610016e+002 0. 0. 1.</data></instrinsic>
</opencv_storage>
